cam0:
  T_cam_imu:
  - [-0.00791611419753699, 0.999967939542828, 0.001206243128064114, -0.008567966125148742]
  - [0.9999677896055346, 0.007917699528254411, -0.00131521313972195, 0.1428987636922613]
  - [-0.0013247216440334443, 0.0011957928970889968, -0.9999984075946895, -0.06986153003210434]
  - [0.0, 0.0, 0.0, 1.0]
  camera_model: pinhole
  distortion_coeffs: [-0.229762931656914, 0.1886062731096812, -0.0006409387528774231,
    -0.001031116224625748]
  distortion_model: radtan
  intrinsics: [1791.701001432792, 1790.372070035949, 778.2636295072701, 583.081996074537]
  resolution: [1600, 1200]
  rostopic: /pg_15291221/image_raw
  timeshift_cam_imu: 0.032623288823859155
